array([[ 0.00000e+00,  0.00000e+00,  0.00000e+00,  0.00000e+00, 0.00000e+00,  0.00000e+00],
       [ 0.00000e+00,  0.00000e+00,  0.00000e+00,  0.00000e+00, 0.00000e+00,  0.00000e+00],
       [ 0.00000e+00,  0.00000e+00,  0.00000e+00,  0.00000e+00, 0.00000e+00,  0.00000e+00],
       [ 0.00000e+00,  0.00000e+00,  0.00000e+00,  0.00000e+00, 0.00000e+00,  0.00000e+00],
       [ 0.00000e+00,  0.00000e+00,  0.00000e+00,  0.00000e+00, 0.00000e+00,  0.00000e+00],
       [ 0.00000e+00,  0.00000e+00,  0.00000e+00,  0.00000e+00, 0.00000e+00,  0.00000e+00],
       [ 0.00000e+00,  0.00000e+00,  0.00000e+00,  0.00000e+00, 0.00000e+00,  0.00000e+00],
       [ 0.00000e+00,  0.00000e+00,  0.00000e+00,  0.00000e+00, 0.00000e+00,  0.00000e+00],
       [ 0.00000e+00,  0.00000e+00,  0.00000e+00,  0.00000e+00, 0.00000e+00,  0.00000e+00],
       [ 0.00000e+00,  0.00000e+00,  0.00000e+00,  0.00000e+00, 0.00000e+00,  0.00000e+00],
       [ 0.00000e+00,  0.00000e+00,  0.00000e+00,  0.00000e+00, 0.00000e+00,  0.00000e+00],
       [ 0.00000e+00,  0.00000e+00,  0.00000e+00,  0.00000e+00, 0.00000e+00,  0.00000e+00],
       [ 0.00000e+00,  0.00000e+00,  0.00000e+00,  0.00000e+00, 0.00000e+00,  0.00000e+00],
       [ 0.00000e+00,  0.00000e+00,  0.00000e+00,  0.00000e+00, 0.00000e+00,  0.00000e+00],
       [ 0.00000e+00,  0.00000e+00,  0.00000e+00,  0.00000e+00, 0.00000e+00,  0.00000e+00],
       [ 0.00000e+00,  0.00000e+00,  0.00000e+00,  0.00000e+00, 0.00000e+00,  0.00000e+00],
       [ 0.00000e+00,  0.00000e+00,  0.00000e+00,  0.00000e+00, 0.00000e+00,  0.00000e+00],
       [ 0.00000e+00,  0.00000e+00,  0.00000e+00,  0.00000e+00, 0.00000e+00,  0.00000e+00],
       [ 0.00000e+00,  0.00000e+00,  0.00000e+00,  0.00000e+00, 0.00000e+00,  0.00000e+00],
       [ 0.00000e+00,  0.00000e+00,  0.00000e+00,  0.00000e+00, 0.00000e+00,  0.00000e+00],
       [ 0.00000e+00,  0.00000e+00,  0.00000e+00,  0.00000e+00, 0.00000e+00,  0.00000e+00],
       [ 0.00000e+00,  0.00000e+00,  0.00000e+00,  0.00000e+00, 0.00000e+00,  0.00000e+00],
       [ 0.00000e+00,  0.00000e+00,  0.00000e+00,  0.00000e+00, 0.00000e+00,  0.00000e+00],
       [ 0.00000e+00,  0.00000e+00,  0.00000e+00,  0.00000e+00, 0.00000e+00,  0.00000e+00],
       [ 0.00000e+00,  0.00000e+00,  0.00000e+00,  0.00000e+00, 0.00000e+00,  0.00000e+00],
       [ 0.00000e+00,  0.00000e+00,  0.00000e+00,  0.00000e+00, 0.00000e+00,  0.00000e+00],
       [ 0.00000e+00,  0.00000e+00,  0.00000e+00,  0.00000e+00, 0.00000e+00,  0.00000e+00],
       [ 0.00000e+00,  0.00000e+00,  0.00000e+00,  0.00000e+00, 0.00000e+00,  0.00000e+00],
       [ 0.00000e+00,  0.00000e+00,  0.00000e+00,  0.00000e+00, 0.00000e+00,  0.00000e+00],
       [ 0.00000e+00,  0.00000e+00,  0.00000e+00,  0.00000e+00, 0.00000e+00,  0.00000e+00],
       [ 6.28760e+00, -2.13713e-06,  2.22300e+00,  2.22300e+00, 1.10519e-07,  0.00000e+00],
       [-2.13713e-06,  6.28760e+00,  2.22300e+00,  2.22300e+00, 0.00000e+00,  4.16374e-06],
       [ 2.22300e+00,  2.22300e+00,  6.28760e+00,  0.00000e+00, 2.22300e+00,  2.22300e+00],
       [ 2.22300e+00,  2.22300e+00,  0.00000e+00,  6.28760e+00, 2.22300e+00,  2.22300e+00],
       [ 1.10519e-07,  0.00000e+00,  2.22300e+00,  2.22300e+00, 6.28760e+00, -2.13713e-06],
       [ 0.00000e+00,  0.00000e+00,  0.00000e+00,  0.00000e+00, 0.00000e+00,  0.00000e+00],
       [ 0.00000e+00,  4.16374e-06,  2.22300e+00,  2.22300e+00, -2.13713e-06,  6.28760e+00],
       [ 0.00000e+00,  0.00000e+00,  0.00000e+00,  0.00000e+00, 0.00000e+00,  0.00000e+00],
       [ 0.00000e+00,  0.00000e+00,  0.00000e+00,  0.00000e+00, 0.00000e+00,  0.00000e+00],
       [ 0.00000e+00,  0.00000e+00,  0.00000e+00,  0.00000e+00, 0.00000e+00,  0.00000e+00],
       [ 0.00000e+00,  0.00000e+00,  0.00000e+00,  0.00000e+00, 0.00000e+00,  0.00000e+00],
       [ 0.00000e+00,  0.00000e+00,  0.00000e+00,  0.00000e+00, 0.00000e+00,  0.00000e+00],
       [ 0.00000e+00,  0.00000e+00,  0.00000e+00,  0.00000e+00, 0.00000e+00,  0.00000e+00],
       [ 0.00000e+00,  0.00000e+00,  0.00000e+00,  0.00000e+00, 0.00000e+00,  0.00000e+00],
       [ 0.00000e+00,  0.00000e+00,  0.00000e+00,  0.00000e+00, 0.00000e+00,  0.00000e+00],
       [ 0.00000e+00,  0.00000e+00,  0.00000e+00,  0.00000e+00, 0.00000e+00,  0.00000e+00],
       [ 0.00000e+00,  0.00000e+00,  0.00000e+00,  0.00000e+00, 0.00000e+00,  0.00000e+00],
       [ 0.00000e+00,  0.00000e+00,  0.00000e+00,  0.00000e+00, 0.00000e+00,  0.00000e+00],
       [ 0.00000e+00,  0.00000e+00,  0.00000e+00,  0.00000e+00, 0.00000e+00,  0.00000e+00],
       [ 0.00000e+00,  0.00000e+00,  0.00000e+00,  0.00000e+00, 0.00000e+00,  0.00000e+00],
       [ 0.00000e+00,  0.00000e+00,  0.00000e+00,  0.00000e+00, 0.00000e+00,  0.00000e+00],
       [ 0.00000e+00,  0.00000e+00,  0.00000e+00,  0.00000e+00, 0.00000e+00,  0.00000e+00],
       [ 0.00000e+00,  0.00000e+00,  0.00000e+00,  0.00000e+00, 0.00000e+00,  0.00000e+00],
       [ 0.00000e+00,  0.00000e+00,  0.00000e+00,  0.00000e+00, 0.00000e+00,  0.00000e+00],
       [ 0.00000e+00,  0.00000e+00,  0.00000e+00,  0.00000e+00, 0.00000e+00,  0.00000e+00],
       [ 0.00000e+00,  0.00000e+00,  0.00000e+00,  0.00000e+00, 0.00000e+00,  0.00000e+00],
       [ 0.00000e+00,  0.00000e+00,  0.00000e+00,  0.00000e+00, 0.00000e+00,  0.00000e+00],
       [ 0.00000e+00,  0.00000e+00,  0.00000e+00,  0.00000e+00, 0.00000e+00,  0.00000e+00],
       [ 0.00000e+00,  0.00000e+00,  0.00000e+00,  0.00000e+00, 0.00000e+00,  0.00000e+00],
       [ 0.00000e+00,  0.00000e+00,  0.00000e+00,  0.00000e+00, 0.00000e+00,  0.00000e+00],
       [ 0.00000e+00,  0.00000e+00,  0.00000e+00,  0.00000e+00, 0.00000e+00,  0.00000e+00],
       [ 0.00000e+00,  0.00000e+00,  0.00000e+00,  0.00000e+00, 0.00000e+00,  0.00000e+00],
       [ 0.00000e+00,  0.00000e+00,  0.00000e+00,  0.00000e+00, 0.00000e+00,  0.00000e+00],
       [ 0.00000e+00,  0.00000e+00,  0.00000e+00,  0.00000e+00, 0.00000e+00,  0.00000e+00],
       [ 0.00000e+00,  0.00000e+00,  0.00000e+00,  0.00000e+00, 0.00000e+00,  0.00000e+00]])